158 133 3
158 132 3
158 131 3
158 129 3
159 128 3
159 124 3
159 119 3
159 117 3
159 113 3
159 112 3
159 108 3
159 102 3
160 101 3
160 100 3
160 98 3
160 97 3
160 96 3
160 95 3
160 94 3
161 93 3
162 93 3
162 92 3
163 91 3
163 90 3
163 89 3
164 89 3
165 89 4
166 89 4
167 89 4
168 89 4
169 89 4
169 90 4
170 90 4
171 90 4
171 91 4
172 91 4
172 92 4
173 92 4
173 93 4
174 93 4
175 93 4
176 93 4
177 92 5
179 91 5
179 90 5
180 90 5
180 89 5
181 88 5
182 86 5
183 85 5
183 84 5
183 83 5
184 83 5
184 81 5
185 81 5
185 80 5
185 79 5
185 78 5
185 77 5
185 76 5
185 75 5
184 75 5
184 74 5
184 73 5
183 73 5
182 73 5
181 73 5
181 71 5
181 64 5
185 64 5
185 66 5
186 66 5
187 66 5
186 66 5
186 67 6
187 68 6
187 69 6
187 71 6
187 73 6
187 74 6
187 76 6
187 77 6
187 79 6
187 80 6
187 81 6
187 84 6
187 85 6
187 88 6
186 89 6
186 90 6
186 91 6
185 91 6
185 89 6
185 88 6
185 86 6
185 85 6
185 84 6
185 78 6
185 76 6
185 72 6
185 71 6
185 70 6
185 69 6
185 68 6
184 68 7
183 69 7
182 70 7
181 71 7
181 72 7
180 73 7
180 74 7
180 75 7
179 75 7
178 75 7
178 76 7
177 76 7
177 77 7
177 78 7
176 78 7
176 79 7
175 79 7
176 79 7
177 79 7
179 79 7
180 79 7
181 79 7
182 80 7
183 80 7
184 80 7
185 80 7
186 80 7
187 80 7
188 80 7
189 80 7
190 80 7
191 80 7
193 80 7
195 80 7
196 80 7
198 80 7
199 80 7
200 80 8
201 80 8
202 80 8
203 80 8
204 80 8
205 80 8
206 80 8
207 80 8
208 80 8
209 80 8
210 80 8
211 80 8
211 81 9
212 81 9
212 82 9
213 82 9
214 83 9
216 85 9
217 86 9
218 86 9
221 88 9
223 89 9
223 90 9
225 93 9
226 95 9
228 97 9
228 99 9
229 100 9
230 102 9
230 103 9
230 104 9
231 105 9
231 106 9
231 107 9
231 108 9
230 108 9
229 108 9
226 108 9
224 107 9
223 107 9
222 107 9
221 107 9
220 107 9
219 107 9
218 107 10
217 107 10
216 107 10
215 107 10
214 107 10
213 107 10
212 107 10
211 107 10
211 108 10
210 109 10
209 109 10
210 109 10
211 109 10
212 109 10
213 109 10
215 109 10
216 109 10
217 109 10
218 109 10
219 109 10
220 109 10
221 109 10
222 109 10
223 109 10
222 109 10
211 108 10
209 108 11
206 108 11
205 108 11
204 108 11
202 108 11
199 108 11
198 107 11
198 106 11
197 106 11
197 105 11
196 105 11
196 104 11
196 103 11
196 102 11
196 101 11
196 100 11
196 99 11
196 98 11
196 97 11
196 96 11
195 95 11
195 94 11
195 93 11
195 92 11
195 91 11
196 91 11
196 90 11
197 90 12
198 90 12
198 91 12
199 92 12
199 93 12
200 93 12
201 93 12
202 93 12
202 94 12
203 94 12
204 94 12
205 94 12
206 94 12
207 94 12
208 94 12
208 91 12
209 91 12
209 90 12
210 90 12
211 88 12
212 85 12
212 83 12
213 83 12
213 82 12
213 81 12
214 80 12
214 79 12
214 77 12
214 76 12
214 75 12
215 75 12
215 74 12
215 73 12
215 72 13
215 71 13
215 70 13
215 69 13
215 68 13
215 67 13
215 66 13
216 66 13
216 65 13
216 64 13
216 63 13
216 62 13
216 61 13
216 60 13
216 59 13
217 58 13
218 58 13
218 57 13
219 56 14
221 55 14
222 55 14
222 54 14
222 53 14
223 53 14
224 53 14
225 53 14
226 53 14
227 53 14
228 53 14
229 53 14
230 52 14
231 52 14
232 52 14
232 51 14
232 50 14
233 50 14
233 49 14
234 49 14
235 48 14
236 47 14
237 46 14
238 44 14
239 44 14
240 42 14
241 42 14
242 41 14
243 40 14
243 39 14
244 38 14
244 37 14
245 37 14
246 36 14
246 35 14
247 34 14
247 33 14
247 32 14
247 31 14
247 30 14
248 30 14
248 29 14
248 28 14
248 27 14
247 26 14
247 25 14
247 24 14
246 24 14
245 24 14
244 24 14
243 24 15
242 24 15
241 24 15
240 24 15
239 24 15
238 24 15
238 25 15
237 25 15
236 25 15
235 25 15
235 26 15
234 26 15
234 27 15
233 27 15
233 28 15
232 28 15
232 29 15
231 29 15
231 30 15
230 31 15
230 32 15
230 33 15
230 34 15
230 35 15
230 36 15
230 37 15
230 39 15
230 42 15
230 43 15
230 44 15
231 48 15
231 49 15
231 50 15
232 53 15
233 55 15
233 56 15
234 57 15
234 58 15
234 59 15
235 59 15
235 61 15
235 62 15
235 63 15
235 64 15
235 65 15
235 66 15
235 67 15
235 68 15
236 68 15
236 70 15
236 71 15
236 72 15
236 73 15
236 74 15
236 75 15
236 76 15
236 77 15
236 78 15
236 80 15
236 81 15
236 82 15
236 85 15
236 87 15
236 88 15
236 91 15
235 92 15
235 93 15
235 94 15
235 95 15
235 97 15
235 98 16
235 100 16
236 101 16
236 102 16
237 103 16
238 104 16
238 105 16
238 106 16
239 107 16
240 107 16
240 108 16
242 112 16
242 115 16
244 116 16
245 118 16
246 119 16
246 120 16
246 121 16
246 122 16
247 123 16
248 124 16
248 125 16
246 125 16
242 125 16
241 125 16
240 125 16
239 125 16
238 126 16
236 127 16
234 128 16
231 129 16
230 130 16
229 130 16
228 131 16
227 132 16
226 133 16
226 134 16
225 134 16
224 136 16
222 137 16
222 138 16
220 139 16
219 141 16
216 144 16
211 148 16
205 154 16
203 156 16
196 163 16
190 169 16
188 172 16
183 177 16
180 179 16
174 185 16
168 188 16
166 191 16
163 192 16
161 196 16
159 198 16
155 201 16
154 203 16
149 208 16
148 208 16
147 210 16
146 211 16
145 212 16
144 212 16
143 213 16
140 214 16
138 215 16
137 215 16
136 216 16
135 216 16
134 217 16
133 217 16
133 218 16
132 218 16
131 218 16
130 218 16
128 218 16
127 218 16
126 218 16
125 218 16
124 218 16
120 218 16
114 217 17
112 217 17
108 213 17
108 209 17
107 209 17
105 209 17
101 209 17
100 209 17
96 209 17
95 209 17
93 209 17
91 209 17
89 209 17
88 209 17
88 208 17
87 208 17
86 208 17
85 208 17
84 209 17
83 209 17
83 210 17
82 210 17
83 211 17
85 213 17
85 214 17
89 219 17
92 225 17
95 231 17
101 241 17
112 264 17
117 272 17
125 294 17
139 316 17
148 337 17
159 347 17
164 354 17
166 358 17
167 364 17
167 366 17
167 368 17
167 369 17
168 369 17
168 370 17
168 371 17
168 372 17
168 373 18
168 374 18
168 375 18
168 376 18
168 378 18
168 379 18
168 381 18
167 385 18
165 391 18
162 397 18
155 407 18
149 413 18
145 423 18
144 425 18
138 430 18
136 433 18
131 437 18
130 439 18
126 442 18
124 443 18
123 445 18
118 447 18
116 456 18
116 457 18
115 460 18
115 462 18
115 463 18
114 464 18
114 465 18
114 466 18
114 467 18
114 468 18
114 469 18
113 469 18
113 470 18
113 471 18
114 472 18
115 474 18
116 475 18
117 476 18
118 477 18
120 478 18
122 478 18
124 478 18
126 479 18
128 480 18
129 480 18
132 481 18
134 481 18
138 481 18
141 481 18
143 481 18
147 481 18
148 481 18
150 481 18
152 481 18
153 481 18
154 481 18
155 481 18
159 481 18
160 481 18
163 481 18
164 481 18
165 480 18
166 480 18
166 479 18
168 478 18
168 476 18
169 476 18
169 475 18
169 474 18
169 472 18
169 471 18
58 443 18
29 441 18
1 439 18
-13 439 18
-33 439 18
-51 438 18
-75 435 18
-103 434 18
-143 428 18
-154 427 18
-184 423 18
-197 420 18
-209 418 18
-211 417 18
-213 417 18
-216 413 18
-217 412 18
-219 412 18
-220 411 18
-222 410 18
-224 410 18
-226 409 18
-227 409 19
-228 409 19
-229 408 19
-230 408 19
-229 405 19
-223 403 19
-222 403 19
-217 398 19
-208 391 19
-195 387 19
-181 384 19
-163 372 19
-152 367 19
-129 354 19
-113 346 19
-96 333 19
-85 323 19
-82 313 19
-77 308 19
-74 302 19
-72 292 19
-66 282 19
-65 276 19
-64 271 19
-64 266 19
-63 257 19
-61 252 19
-60 246 19
-60 237 19
-59 227 19
-59 226 19
-58 217 19
-56 208 19
-56 202 19
-55 198 19
-55 188 19
-55 187 19
-55 184 19
-55 179 19
-55 178 19
-55 174 19
-54 172 19
-54 167 19
-54 166 19
-54 165 19
-53 163 19
-53 162 19
-53 160 19
-53 159 19
-53 157 19
-52 156 19
-51 154 19
-51 150 19
-50 149 19
-50 148 19
-50 146 19
-47 144 19
-47 142 19
-46 138 19
-43 132 19
-41 128 19
-39 122 19
-38 120 19
-34 115 19
-33 114 19
-31 111 19
-30 107 19
-27 102 19
-25 101 19
-24 99 19
-23 98 20
-22 95 20
-21 94 20
-21 93 20
-21 92 20
-20 92 20
-19 91 20
-18 91 20
-17 90 20
-15 89 20
-14 89 20
-13 88 20
-12 88 20
-11 87 20
-10 87 20
-10 88 20
-9 89 20
-8 89 20
-8 90 20
-7 90 20
-6 90 20
-5 90 20
-4 90 20
-3 90 20
-3 91 20
-1 91 20
0 92 20
4 93 20
5 94 20
10 96 20
16 99 20
19 102 20
35 113 20
45 120 20
57 130 20
85 151 20
114 180 20
139 205 20
163 229 20
192 258 20
204 268 20
220 276 20
233 283 20
243 286 20
245 287 20
248 288 20
250 289 21
251 290 21
252 290 21
254 292 21
255 292 21
256 293 21
259 294 21
261 295 21
262 295 21
264 295 21
265 296 21
266 296 21
267 296 21
268 297 21
269 298 21
270 298 21
271 298 21
272 298 21
273 299 21
274 299 21
275 299 21
276 299 21
277 299 21
278 299 21
279 299 21
280 299 21
281 299 21
282 299 21
283 299 21
284 299 21
285 299 21
286 299 21
287 299 21
288 299 21
289 299 22
289 298 22
289 296 22
290 296 22
290 294 22
290 290 22
291 289 22
291 286 22
291 285 22
291 283 22
292 281 22
292 280 22
292 279 22
292 278 22
292 277 22
292 276 22
292 275 22
292 274 22
292 273 22
292 272 22
292 270 22
292 268 22
293 267 22
293 266 22
294 265 22
295 263 22
295 261 22
295 259 22
296 258 22
297 257 22
297 254 22
297 252 22
298 248 22
299 246 22
300 244 22
300 243 22
300 242 22
302 237 22
303 234 22
304 233 22
304 231 22
305 228 22
305 226 22
306 224 22
306 222 22
306 220 22
306 219 22
306 210 22
305 202 22
303 192 22
295 173 22
291 161 22
282 149 22
265 138 22
241 114 22
229 99 22
216 95 22
202 92 22
198 90 22
142 79 22
136 79 22
134 79 22
132 79 22
131 79 22
130 79 22
129 79 22
128 79 22
128 78 22
127 78 22
126 78 23
122 78 23
120 78 23
121 78 23
122 78 23
122 76 23
122 75 23
122 74 23
122 73 23
122 72 23
122 71 23
122 70 23
122 69 23
122 68 23
122 67 23
121 67 23
121 66 23
120 66 23
120 65 23
119 65 23
118 65 23
116 65 23
115 65 23
111 65 23
110 65 23
109 65 23
107 65 23
106 65 23
106 66 23
107 66 24
107 67 24
107 68 24
108 68 24
108 69 24
108 70 24
108 71 24
109 71 24
109 72 24
109 73 24
110 73 24
110 74 24
111 74 24
112 74 24
112 75 24
113 75 24
114 75 24
116 76 24
117 76 24
120 77 24
122 77 24
124 77 24
126 77 24
124 77 24
122 83 24
120 83 24
119 85 24
118 85 24
115 85 24
114 86 24
113 86 24
112 86 24
112 85 24
112 84 24
112 83 24
112 82 24
112 80 24
112 79 24
112 78 24
112 77 24
112 76 24
111 76 24
110 76 24
109 76 24
105 78 24
104 79 24
100 80 24
98 82 24
97 83 25
97 84 25
96 84 25
96 85 25
95 85 25
95 84 25
96 83 25
96 82 25
97 82 25
98 80 25
99 79 25
100 79 25
100 78 25
100 77 25
102 77 25
103 76 25
104 76 25
110 74 25
115 73 25
118 71 25
123 69 25
129 67 25
134 67 25
139 66 25
142 64 25
144 63 25
147 63 25
148 62 25
149 61 25
150 61 25
151 61 25
151 60 25
151 59 25
152 59 25
153 59 25
153 58 25
154 58 25
154 57 25
154 56 25
154 55 25
155 54 25
156 54 25
156 52 25
156 51 25
156 50 25
156 49 25
156 48 25
156 47 25
157 47 25
157 46 25
158 45 25
158 44 25
159 43 25
160 43 25
161 43 25
163 43 25
167 43 25
168 43 25
169 42 25
172 42 25
173 42 25
174 42 25
175 42 25
176 41 25
177 41 25
178 41 25
179 41 25
179 42 26
179 43 26
179 44 26
178 44 26
178 45 26
177 45 26
177 46 26
177 47 26
176 47 26
176 48 26
176 49 26
176 50 26
176 51 26
175 53 26
175 54 26
175 55 26
175 56 26
174 56 26
174 57 26
173 57 26
173 58 26
173 59 26
172 59 26
171 59 26
170 59 26
169 59 26
168 59 26
167 59 26
165 59 26
164 59 26
163 59 26
162 59 26
161 59 26
160 59 26
159 58 26
158 58 26
157 58 26
156 58 26
155 58 26
154 58 26
154 59 26
153 59 27
152 59 27
151 59 27
151 58 27
150 57 27
150 56 27
150 55 27
150 54 27
150 53 27
150 52 27
150 51 27
150 50 27
151 49 27
151 48 27
152 48 27
153 47 27
153 46 27
154 46 27
156 46 27
157 46 27
158 46 27
159 46 27
159 45 27
160 45 27
162 45 27
162 44 27
163 43 27
164 43 27
164 42 27
165 42 27
165 41 27
166 40 27
167 39 27
168 39 27
169 39 27
170 39 27
171 39 27
172 39 27
173 39 27
174 39 27
175 39 27
176 39 27
177 39 28
178 39 28
177 39 28
174 39 28
173 39 28
172 39 28
171 39 28
170 39 28
169 39 28
168 39 28
167 39 28
166 39 28
166 38 28
166 37 28
165 36 28
165 35 28
165 34 28
165 33 28
164 33 28
163 33 28
162 33 28
161 33 28
160 33 28
159 33 28
158 33 28
156 33 28
155 33 28
154 33 29
155 33 29
156 33 29
157 33 29
158 33 29
159 33 29
160 33 29
161 33 29
162 33 29
163 33 29
164 33 29
165 33 29
166 33 29
167 33 29
168 34 29
169 34 29
170 34 29
171 34 29
171 35 29
172 36 29
173 36 29
174 36 29
175 36 29
176 36 29
177 36 29
178 36 29
179 36 29
180 36 29
181 36 29
182 36 29
185 36 29
186 36 30
187 36 30
188 36 30
189 36 30
190 36 30
190 37 30
191 37 30
192 37 30
192 38 30
193 38 30
194 38 30
195 38 30
196 38 30
197 39 30
198 40 30
199 40 30
200 40 30
201 40 30
203 40 30
205 40 30
206 40 30
208 41 30
209 41 30
211 42 30
212 42 30
213 42 30
215 42 30
216 42 30
217 43 30
218 43 30
219 43 30
220 43 30
221 44 30
223 44 30
225 45 30
226 46 30
227 46 30
228 46 30
229 46 30
230 46 30
231 47 30
233 48 30
234 48 30
234 49 30
235 49 30
236 49 30
237 50 30
238 51 30
238 52 30
239 52 30
240 52 30
241 52 30
241 53 30
242 53 30
243 54 30
243 55 30
244 55 30
244 56 30
245 57 30
246 57 30
247 58 30
247 59 30
248 59 30
248 60 30
249 61 30
249 62 30
250 62 30
250 63 30
251 63 30
251 64 30
251 65 30
251 66 30
252 66 30
253 67 30
253 68 30
254 68 30
255 69 30
256 69 30
256 70 30
256 71 31
257 71 31
258 71 31
259 72 31
260 72 31
259 71 31
258 70 31
257 70 31
256 69 31
255 68 31
253 66 31
247 62 31
244 61 31
240 60 31
238 60 31
238 59 31
236 59 31
235 58 31
234 57 31
233 57 31
230 57 31
228 56 31
226 56 31
222 55 31
218 55 31
217 55 31
216 55 31
215 55 31
214 55 31
213 55 31
212 55 31
207 55 31
205 55 31
203 55 31
201 55 31
200 55 31
199 55 31
198 56 31
197 56 31
191 58 31
189 59 31
188 60 31
184 60 31
181 61 31
181 63 31
179 63 31
175 63 31
174 64 31
172 65 31
171 65 31
166 66 31
161 67 31
159 67 31
154 69 31
152 70 31
148 71 31
147 72 31
147 73 31
146 73 31
145 73 31
144 73 31
144 74 31
143 74 31
142 74 31
141 74 31
141 75 31
140 75 31
139 75 31
138 75 31
137 75 31
136 75 31
135 75 31
134 75 31
133 76 31
132 76 31
132 77 31
131 77 31
130 77 31
130 78 31
129 78 31
126 78 31
126 80 31
125 80 31
124 80 32
123 81 32
122 82 32
121 83 32
120 84 32
119 84 32
119 85 32
119 86 32
118 86 32
117 87 32
116 87 32
116 88 32
116 89 32
115 89 32
115 90 32
115 91 32
117 92 32
118 92 32
119 92 32
124 92 32
129 93 32
138 94 32
143 94 32
149 94 32
154 94 32
155 94 32
158 94 32
160 94 32
161 94 32
163 95 32
165 95 32
166 95 32
168 96 32
174 96 32
179 97 32
181 97 32
187 97 32
192 97 32
196 97 32
202 97 32
204 97 32
226 98 32
229 98 32
230 98 32
231 98 32
231 99 32
231 100 32
232 100 32
232 101 32
233 101 33
234 102 33
235 102 33
236 102 33
237 102 33
238 103 33
239 103 33
239 104 33
240 104 33
241 104 33
242 104 33
243 105 33
244 105 33
246 105 33
246 107 33
247 107 33
248 107 33
248 108 33
249 108 33
249 109 33
250 109 33
251 109 33
252 109 33
253 109 33
253 108 33
254 108 33
254 107 33
254 106 33
253 105 33
252 105 33
252 104 33
251 104 33
250 104 33
248 103 33
243 102 33
242 102 33
236 100 33
230 99 33
228 99 33
224 99 33
223 99 33
222 98 33
221 98 33
220 98 33
219 98 34
218 98 34
217 98 34
216 98 34
215 98 34
214 98 34
213 98 34
212 98 34
211 98 34
210 98 34
209 98 34
208 98 34
207 98 34
203 98 34
202 98 34
199 98 34
193 98 34
188 98 34
179 98 34
167 98 34
155 99 34
152 99 34
147 99 34
145 99 34
143 99 34
142 99 34
141 99 34
140 99 34
139 99 34
138 99 34
137 99 34
136 99 34
135 99 34
134 99 34
134 100 34
133 100 34
132 100 34
131 101 34
130 101 35
130 102 35
130 103 35
130 104 35
130 105 35
130 106 35
130 107 35
130 108 35
130 109 35
130 110 35
131 110 35
132 110 35
133 110 35
134 110 35
135 110 35
135 109 35
136 109 35
137 108 35
138 108 35
139 107 35
139 106 35
140 105 35
142 104 35
143 103 35
146 101 35
147 100 35
148 98 35
150 96 35
151 95 35
152 94 35
152 93 35
153 93 35
153 92 35
154 92 35
154 91 35
155 91 35
155 90 35
156 89 35
157 88 35
158 88 35
158 88 35