150 156 1
149 156 2
148 157 2
148 158 2
147 158 2
146 158 2
145 159 2
145 160 2
144 160 2
144 161 2
143 161 2
143 162 2
142 162 2
141 163 2
141 164 2
140 164 2
139 164 2
138 165 2
137 165 2
136 165 2
135 166 2
135 167 2
134 167 2
133 167 2
132 167 2
131 167 2
130 168 2
129 168 2
128 168 2
127 168 2
127 169 2
126 169 2
125 169 2
126 169 3
127 169 3
128 169 3
129 168 3
130 168 3
131 168 3
132 168 3
133 168 3
134 168 3
135 168 3
136 168 3
136 167 3
136 166 3
136 165 3
136 164 3
136 163 3
137 162 3
138 160 3
139 160 3
140 160 3
140 159 3
141 159 3
142 159 3
143 159 3
143 158 3
144 158 3
145 158 3
144 157 3
143 157 3
142 157 3
141 157 3
138 157 3
137 157 3
136 157 3
136 156 3
135 156 3
135 155 3
134 155 3
133 155 3
132 155 3
131 155 3
130 155 3
128 155 3
127 155 3
125 155 4
124 155 4
123 154 4
122 154 4
121 154 4
120 154 4
119 154 4
118 154 4
116 154 4
115 154 4
114 154 4
110 154 4
108 154 4
104 154 4
99 154 4
97 154 4
92 154 4
87 154 4
86 154 4
82 154 4
80 154 4
74 154 4
69 154 4
68 154 4
67 154 4
66 154 4
65 154 4
64 154 4
64 153 4
63 153 4
63 152 4
63 151 4
63 150 4
63 149 4
63 148 4
63 147 4
62 146 4
62 144 4
61 141 5
61 140 5
60 138 5
59 137 5
58 136 5
57 131 5
56 131 5
55 129 5
55 127 5
54 127 5
54 125 5
52 124 5
52 123 5
52 121 5
51 121 5
50 119 5
50 118 5
50 117 5
49 117 5
48 116 5
47 116 5
46 116 5
46 115 5
45 115 5
44 115 5
43 114 5
42 114 5
41 114 5
41 113 5
40 113 5
40 112 5
39 112 5
39 111 5
38 111 5
37 111 5
37 110 5
37 109 5
36 108 5
36 107 5
36 106 5
36 105 5
36 104 5
36 103 5
36 102 5
36 100 5
36 99 5
36 98 5
36 94 5
36 92 5
37 90 5
37 89 5
37 85 5
37 84 5
37 82 5
37 80 5
37 76 5
37 75 5
37 74 5
37 72 5
37 71 5
38 69 5
38 65 5
39 64 5
39 63 5
39 61 5
40 60 5
40 59 5
41 59 5
42 58 5
43 57 5
44 57 5
45 57 5
45 56 5
45 55 5
46 55 5
50 55 5
52 55 5
56 53 5
60 47 5
60 45 5
60 48 6
68 65 6
78 66 6
79 66 6
81 66 6
82 65 6
84 63 6
87 63 6
87 60 6
89 59 6
90 57 6
92 57 6
95 55 6
96 55 6
97 54 6
102 52 6
107 51 6
109 50 6
117 50 6
119 50 6
124 47 6
127 47 6
131 46 6
132 46 6
134 45 6
134 44 6
135 43 6
135 42 6
137 42 6
137 41 6
138 41 6
138 40 6
139 40 6
139 39 6
140 39 6
140 38 6
140 37 6
140 36 6
140 35 6
140 33 6
140 32 6
140 30 6
140 27 6
140 25 6
139 23 6
138 22 6
137 20 6
136 19 6
136 18 6
136 17 6
135 15 6
135 14 6
135 13 6
135 12 6
135 11 6
134 11 6
133 11 6
132 11 6
131 11 6
130 11 6
129 11 6
128 11 6
127 11 6
126 11 6
125 11 6
124 11 6
123 11 6
122 11 6
121 11 6
120 11 6
119 11 6
118 11 6
117 11 6
116 11 6
115 11 6
113 11 6
108 10 6
106 10 6
99 10 6
94 9 6
91 8 7
87 8 7
86 8 7
84 8 7
84 7 7
84 6 7
83 6 7
83 5 7
83 4 7
85 4 7
86 4 7
87 4 7
89 4 7
90 4 7
90 3 7
91 3 7
92 3 7
93 3 7
94 3 7
95 3 7
96 3 7
98 3 7
99 3 7
100 3 7
100 2 7
101 2 7
102 2 7
103 2 7
103 1 7
104 1 7
105 1 7
106 1 7
107 1 7
107 2 7
108 3 7
110 4 7
111 5 7
112 5 7
113 6 7
114 6 7
115 8 7
117 8 7
118 9 7
120 11 7
122 11 7
123 13 7
125 13 7
126 13 7
126 14 7
127 15 7
128 15 7
128 16 7
127 16 7
126 16 7
123 16 7
122 16 7
121 16 7
119 16 7
118 16 7
116 16 7
115 16 7
113 16 7
112 16 7
110 16 7
107 16 7
106 16 8
104 16 8
103 16 8
104 16 8
105 16 8
106 16 8
106 17 8
107 17 8
108 17 8
109 17 8
109 18 8
110 18 8
110 19 8
108 19 8
107 19 8
107 20 9
106 20 9
106 21 9
106 22 9
106 23 9
107 24 9
107 25 9
108 25 9
108 26 9
109 26 9
109 27 9
110 27 9
111 27 9
112 27 9
113 28 9
114 29 9
115 29 9
116 31 9
117 31 9
118 31 9
119 31 9
120 32 9
121 32 9
121 33 9
122 33 9
122 34 9
122 35 9
122 36 9
122 37 9
122 38 9
121 39 9
120 40 9
120 41 10
119 42 10
119 43 10
119 44 10
119 45 10
119 46 10
121 47 10
123 48 10
124 48 10
125 48 10
126 48 10
127 49 10
128 49 10
129 49 10
131 49 10
135 49 10
136 49 10
137 49 10
139 49 10
141 49 10
142 49 10
143 49 10
144 49 10
145 49 10
146 49 10
147 49 10
148 49 10
149 49 10
150 49 10
151 49 10
152 49 10
153 49 10
153 48 10
152 47 10
151 47 10
150 47 10
149 47 10
148 47 10
147 47 10
145 47 10
144 47 10
139 47 10
133 47 10
131 47 10
126 47 10
125 47 10
123 47 10
120 48 10
119 48 10
118 49 10
117 49 10
116 49 10
115 49 10
115 50 11
114 50 11
113 50 11
112 51 11
111 51 11
110 51 11
109 52 11
108 52 11
107 52 11
106 52 11
105 53 11
104 53 11
103 53 11
102 53 11
101 53 11
101 52 11
100 52 11
99 52 11
99 51 11
98 51 11
98 50 11
97 50 11
96 50 11
95 49 11
94 49 11
94 48 11
94 47 11
94 46 11
94 45 11
94 44 11
94 43 11
94 42 11
94 41 11
94 40 11
94 39 11
94 38 11
94 37 11
94 36 11
94 37 12
94 38 12
93 39 12
92 39 12
92 40 12
91 40 12
91 41 12
91 42 12
91 43 12
91 44 12
91 45 12
91 46 12
91 47 12
91 48 12
91 49 12
91 50 12
92 50 12
93 50 12
94 50 12
92 50 13
89 49 13
87 49 13
87 48 13
88 48 13
88 47 13
89 46 13
91 45 13
92 44 13
94 44 13
99 42 13
105 40 13
106 40 13
117 39 13
127 38 13
139 37 13
151 37 13
159 37 13
164 37 13
165 36 13
166 36 13
167 36 13
169 36 13
170 36 13
172 36 13
173 36 13
173 35 13
174 35 13
175 35 13
176 35 13
177 35 13
178 35 13
179 35 13
180 35 13
182 35 13
184 35 13
185 35 13
191 35 13
196 35 13
198 35 13
200 35 13
201 35 14
202 35 14
203 35 14
204 34 14
205 34 14
206 34 14
207 34 14
208 34 14
209 34 14
210 34 14
211 34 14
212 34 14
213 34 14
213 33 14
213 32 14
212 32 14
211 32 14
210 32 14
209 31 14
208 31 14
208 30 15
207 30 15
206 30 15
206 29 15
206 28 15
206 27 15
205 27 15
205 25 15
205 24 15
205 21 15
204 20 15
203 16 15
203 14 15
202 10 15
202 9 15
202 8 15
202 7 15
201 7 15
201 8 15
201 9 15
200 10 15
199 11 15
198 11 15
197 12 15
196 13 15
192 14 15
186 14 15
171 17 15
164 17 15
143 17 15
126 17 15
117 17 15
111 18 15
109 18 15
108 18 15
107 18 15
106 18 15
106 19 15
107 19 15
109 19 15
114 19 15
119 19 15
122 19 15
127 19 15
132 19 15
134 19 15
139 19 15
141 19 15
146 19 15
150 19 15
151 19 15
154 19 15
155 19 15
156 19 15
167 18 15
168 18 15
169 18 15
170 18 15
171 18 15
172 18 15
172 17 15
173 17 15
174 17 15
175 17 15
176 17 15
177 17 15
178 17 15
179 17 15
180 17 15
181 17 15
183 17 15
185 17 16
187 17 16
188 17 16
189 17 16
190 17 16
191 17 16
192 17 16
193 17 16
194 17 16
195 17 16
196 17 16
197 17 16
198 17 16
199 17 16
200 17 16
200 18 16
201 18 16
202 18 16
202 19 16
203 19 16
203 20 16
204 20 16
205 20 16
205 22 16
206 22 16
207 23 16
208 23 16
208 24 16
208 25 16
209 25 16
213 27 16
214 28 16
218 28 16
219 29 16
220 29 16
222 31 16
223 31 16
224 32 16
225 32 16
226 32 16
226 33 16
227 33 16
227 34 16
228 34 16
228 35 16
229 35 16
230 35 16
231 36 16
232 37 16
232 38 16
234 38 16
234 39 16
236 40 16
237 41 16
238 41 16
239 42 16
240 43 16
241 43 16
241 44 16
244 44 16
245 45 16
246 46 16
247 46 16
250 47 16
251 47 16
253 48 16
254 48 16
257 49 16
260 51 16
261 51 16
265 52 16
268 53 16
269 54 16
270 54 16
271 55 16
274 56 16
275 56 16
276 56 16
277 56 16
277 57 16
278 57 16
279 58 16
283 58 16
285 59 16
293 61 16
303 62 16
312 64 16
318 64 16
319 65 16
324 66 17
326 66 17
325 66 17
320 66 17
314 65 17
309 64 17
300 63 17
294 63 17
289 63 17
283 63 17
281 62 17
277 62 17
273 62 17
267 62 17
266 62 17
264 62 17
261 62 17
260 62 17
252 62 17
242 62 17
236 62 17
231 62 17
225 62 17
221 62 17
219 62 17
214 62 17
205 62 17
202 62 17
200 62 17
199 62 17
198 62 17
195 62 17
194 61 17
190 61 17
189 61 17
187 61 17
184 61 17
183 61 17
181 61 17
179 61 17
178 61 17
177 61 17
174 61 17
170 61 17
164 61 17
160 61 17
159 61 17
153 61 17
151 61 17
146 61 17
134 61 17
124 61 17
119 61 17
115 61 17
112 61 17
111 61 17
110 61 17
108 61 17
107 61 17
106 61 17
105 61 17
104 61 17
103 62 17
102 63 17
101 64 17
100 65 17
99 65 17
98 65 17
98 66 17
98 67 17
98 68 17
98 69 17
99 69 18
99 70 18
99 71 18
100 71 18
101 71 18
102 71 18
103 71 18
104 71 18
105 71 18
106 71 18
107 71 18
108 71 18
109 70 18
112 70 18
113 70 18
117 70 18
122 70 18
123 70 18
126 70 18
126 69 18
127 69 18
126 69 18
121 69 18
115 69 18
111 69 18
105 69 18
99 69 18
98 69 18
97 69 18
96 69 18
95 69 18
94 69 18
92 69 18
91 69 18
90 69 18
89 69 18
88 69 18
87 69 19
86 68 19
85 68 19
83 68 19
81 68 19
73 68 19
58 68 19
52 68 19
47 68 19
45 68 19
40 68 19
35 68 19
33 68 19
29 68 19
28 68 19
27 68 19
26 68 19
26 69 19
26 70 19
26 71 19
26 72 19
26 73 19
26 77 19
26 78 19
27 80 19
29 84 19
29 86 19
31 86 19
32 88 19
34 89 19
39 91 19
40 92 19
42 93 19
42 94 19
44 95 19
48 96 19
49 96 19
50 97 19
51 98 19
52 98 19
53 98 19
54 99 19
55 100 19
56 101 19
57 101 19
58 101 19
59 102 19
61 102 19
64 102 19
68 102 19
72 102 19
76 102 19
81 101 19
87 100 19
92 99 19
98 97 19
103 96 19
109 94 19
120 92 19
126 90 19
131 85 19
136 83 19
141 81 19
143 80 19
149 74 19
150 74 19
150 73 19
151 73 19
151 72 19
152 72 19
152 71 20
153 71 20
154 70 20
155 69 20
156 68 20
157 67 20
158 67 20
160 67 20
161 66 20
162 66 20
163 66 20
164 66 20
167 66 20
169 66 20
173 66 20
177 66 20
179 66 20
182 66 20
184 66 20
185 66 20
186 66 20
187 66 20
188 66 20
189 66 20
190 66 20
191 66 20
192 66 20
193 66 20
193 65 20
193 64 20
194 64 20
194 63 20
194 65 20
194 64 20
195 63 20
196 62 20
197 61 20
197 59 20
198 58 20
198 57 20
198 56 20
198 55 20
198 54 20
198 53 20
199 53 20
199 52 20
199 51 20
199 50 20
199 49 21
198 48 21
198 47 21
197 47 21
196 47 21
196 46 21
195 46 21
195 44 21
194 44 21
193 42 21
191 42 21
190 41 21
188 40 21
187 39 21
183 36 21
182 35 21
181 34 21
180 34 21
179 34 21
178 33 21
176 33 21
171 32 21
169 32 21
167 32 21
166 32 21
160 32 21
159 32 21
158 32 21
157 32 21
156 32 21
155 32 21
154 32 21
153 32 21
152 32 21
151 32 21
150 32 21
150 31 21
149 31 21
149 30 21
148 30 21
147 30 21
147 29 21
146 29 21
145 27 21
144 26 21
144 25 21
142 24 21
141 23 21
141 22 21
140 22 21
139 21 21
138 21 21
137 21 21
136 21 21
135 21 21
134 21 21
133 21 21
131 21 21
129 21 21
115 21 21
113 21 21
112 21 21
108 22 21
106 23 21
105 23 21
104 23 21
104 24 21
103 24 21
102 24 21
101 24 21
99 24 21
98 24 21
97 24 21
96 24 21
96 25 21
95 25 22
94 25 22
93 25 22
92 25 22
92 26 22
91 26 22
90 26 22
89 26 22
89 27 22
88 27 22
87 27 22
86 27 22
85 28 22
84 28 22
84 29 22
83 30 22
82 30 22
82 31 22
81 31 22
81 32 22
80 32 22
79 32 22
79 33 22
78 34 22
77 35 22
76 36 22
75 37 22
74 38 22
74 39 22
73 40 22
72 40 22
72 41 22
71 41 22
70 43 22
69 43 22
69 44 22
69 45 22
67 46 22
66 46 22
66 47 22
66 48 22
65 48 22
64 49 22
64 50 22
64 51 22
64 52 22
63 52 22
63 53 22
63 54 22
63 55 22
63 56 22
63 57 22
63 58 22