73 227 47
72 227 47
72 226 47
71 226 47
71 225 47
71 224 47
70 223 47
69 221 47
69 219 47
68 215 47
67 213 47
65 208 47
63 202 47
63 201 47
61 199 47
61 198 47
61 196 47
61 195 47
61 194 47
61 193 47
60 193 47
60 192 47
60 191 47
60 190 48
60 189 48
60 188 48
60 187 48
61 186 48
62 185 48
62 184 48
63 183 48
63 181 48
63 180 48
63 175 48
63 172 48
70 172 48
81 171 48
84 166 48
84 165 48
84 163 48
83 158 48
82 157 48
81 155 48
81 151 48
81 150 48
81 149 48
81 147 48
81 145 48
80 142 48
80 140 48
79 135 48
78 133 48
77 131 48
77 128 48
76 127 48
76 126 48
76 124 48
76 123 48
76 121 48
76 119 48
76 115 48
75 115 48
75 111 48
74 110 48
74 108 48
73 107 48
73 106 48
73 105 48
73 104 48
73 103 48
73 102 48
73 101 48
73 99 48
73 97 48
73 96 48
73 95 48
73 93 48
73 91 48
73 89 48
73 87 48
73 84 48
72 80 48
72 76 48
72 74 48
71 72 48
71 70 48
71 69 48
71 68 48
71 67 48
71 66 48
71 65 48
70 64 48
70 63 48
70 62 48
70 61 48
69 60 48
68 59 48
68 58 48
68 57 48
68 56 48
68 55 48
68 54 48
68 52 49
68 51 49
67 51 49
67 49 49
66 49 49
66 47 49
66 46 49
66 45 49
66 44 49
66 43 49
66 42 49
66 41 49
66 40 49
66 39 49
66 38 49
66 37 49
66 36 49
66 35 49
66 34 49
66 33 49
66 32 49
66 31 49
66 30 49
66 29 49
66 28 49
65 27 49
65 26 49
65 25 49
65 24 49
64 25 50
63 26 50
62 27 50
61 28 50
61 29 50
60 29 50
60 30 50
59 30 50
59 31 50
59 32 50
58 32 50
58 33 50
57 33 50
56 34 50
56 35 50
54 36 50
53 38 50
52 38 50
52 39 50
51 39 50
50 40 50
49 41 50
48 41 50
47 42 50
46 43 50
43 43 50
42 43 50
41 43 50
41 44 50
40 44 50
39 44 50
38 44 50
37 44 50
36 44 50
33 44 50
32 44 50
31 44 50
30 44 50
29 44 50
28 44 50
27 44 50
25 46 50
24 47 50
22 48 50
21 49 50
20 49 50
20 50 50
19 52 50
18 52 50
18 53 50
17 53 50
17 55 50
16 56 50
16 57 50
16 58 50
15 59 50
15 60 50
15 62 50
15 63 50
15 64 50
15 65 50
15 68 51
15 69 51
15 71 51
15 73 51
15 74 51
15 75 51
15 76 51
15 77 51
16 77 51
16 78 51
17 79 51
18 79 51
18 80 51
19 80 51
20 80 51
21 80 51
21 81 51
22 81 51
23 81 51
24 81 51
25 81 51
26 81 51
27 81 51
27 80 51
28 80 51
29 79 51
30 78 51
30 77 51
30 76 51
30 75 51
30 74 51
30 73 51
30 72 51
30 71 51
29 71 52
28 71 52
27 71 52
26 71 52
25 71 52
24 71 52
24 70 52
24 69 52
23 68 52
22 67 52
21 66 52
21 65 52
21 64 52
21 64 53
173 103 55
175 103 55
180 103 55
181 103 55
182 103 55
183 103 55
185 104 55
186 104 55
191 106 55
196 106 55
199 107 55
204 109 55
205 110 55
206 110 55
207 111 55
209 112 55
211 112 55
212 114 55
213 114 55
214 115 55
215 116 55
218 117 55
222 119 55
225 120 55
227 121 55
228 121 55
229 122 55
230 122 55
235 126 55
237 127 55
242 129 55
256 132 55
262 134 55
264 135 55
264 136 55
265 136 55
266 137 55
267 137 55
268 137 55
268 136 55
268 135 55
268 134 55
268 133 55
268 132 55
268 131 55
268 130 55
268 129 55
268 127 55
268 123 55
266 117 55
265 116 55
264 113 55
264 112 55
264 111 55
264 110 55
264 109 55
264 108 55
264 107 55
264 106 55
264 105 55
264 104 55
264 103 55
264 102 55
264 101 55
264 100 55
264 98 55
264 97 56
265 96 56
265 95 56
266 93 56
266 92 56
266 91 56
267 90 56
268 90 56
268 89 56
269 89 56
269 88 56
270 87 56
271 87 56
271 86 56
272 86 56
272 85 56
272 84 56
273 84 56
273 83 56
273 82 56
274 82 56
274 81 56
274 80 56
275 79 56
275 77 56
276 76 56
276 72 56
276 71 56
276 69 56
277 67 56
278 65 56
278 63 56
280 62 56
280 61 56
280 60 56
281 58 56
281 57 56
284 57 56
284 55 56
284 53 56
284 51 56
284 48 56
285 46 56
286 45 56
286 44 56
286 41 56
286 40 56
286 38 56
286 33 56
286 31 56
286 26 56
286 23 56
286 22 56
286 18 56
286 16 56
286 14 56
286 12 56
286 11 56
286 9 56
286 8 56
286 7 56
286 6 56
286 4 56
286 3 56
286 2 56
286 1 56
286 0 56
285 0 56
285 1 56
285 3 56
285 5 56
285 6 56
285 8 57
285 9 57
285 11 57
285 13 57
285 14 57
285 16 57
285 17 57
285 18 57
285 19 57
285 20 57
285 21 57
285 22 57
286 23 57
286 24 57
287 24 57
288 24 57
288 25 57
289 25 57
290 25 57
290 26 57
291 26 57
292 28 57
292 29 57
293 30 57
293 31 57
294 31 57
294 32 57
294 32 58
162 49 59
162 50 59
161 50 59
161 51 59
160 51 59
160 52 59
159 52 59
159 53 59
158 54 59
148 58 59
147 59 59
147 60 59
146 60 59
147 60 60
148 60 60
149 60 60
150 60 60
151 60 60
152 60 60
153 60 60
154 60 60
155 60 60
156 59 60
157 59 60
158 59 60
159 58 60
161 58 60
161 57 60
162 57 60
163 56 60
166 56 60
167 55 60
168 55 60
169 54 60
170 54 60
171 54 60
172 54 60
173 54 60
174 54 60
175 54 60
176 55 60
177 56 60
178 56 60
179 57 60
180 58 60
182 58 60
182 59 60
184 60 60
185 60 60
186 60 60
188 61 60
189 62 60
190 62 60
191 62 60
191 63 60
192 63 60
193 63 60
194 63 60
194 64 60
195 64 60
195 65 60
196 65 60
196 64 61
195 64 61
195 65 61
194 65 61
192 66 61
192 67 61
191 67 61
190 68 61
189 68 61
189 67 61
188 67 61
185 67 61
184 67 61
182 67 61
180 67 61
176 68 61
170 69 61
169 69 61
163 70 61
161 70 61
160 70 61
159 70 61
159 69 61
159 68 61
160 68 61
163 67 61
164 67 61
166 67 61
167 67 61
168 67 61
169 68 61
170 68 61
174 70 61
177 75 61
179 77 61
181 79 61
182 80 61
184 82 61
184 83 61
186 85 61
190 90 61
192 92 61
196 95 61
199 101 61
203 106 61
204 107 61
205 109 61
205 110 61
205 112 61
206 113 61
206 114 62
207 114 62
207 115 62
207 116 62
207 117 62
207 116 62
207 115 62
206 115 62
205 113 62
203 111 62
202 110 62
199 104 62
198 103 62
193 98 62
191 96 62
189 94 62
184 91 62
178 88 62
176 86 62
176 83 62
175 83 62
174 82 62
174 81 62
174 80 62
173 80 62
173 79 62
173 78 62
171 77 62
169 76 62
167 75 62
167 74 62
165 74 62
164 73 62
163 73 62
162 73 62
161 73 62
159 72 62
158 72 62
156 72 62
155 72 62
154 72 62
153 73 62
153 74 62
153 75 62
152 76 62
152 77 62
151 77 62
151 78 62
150 78 62
148 79 62
147 80 62
146 80 62
145 80 62
144 80 62
143 80 62
142 80 62
141 80 62
140 80 62
138 80 62
136 80 62
135 80 62
134 81 62
133 81 62
131 81 62
130 81 62
129 82 62
127 83 62
125 83 62
124 84 62
123 85 62
122 85 62
121 85 62
121 86 62
119 86 62
117 88 62
117 89 62
116 89 62
115 89 62
115 90 63
117 90 63
119 90 63
121 90 63
122 90 63
123 90 63
127 90 63
128 90 63
129 90 63
130 90 63
131 90 63
131 90 63
202 135 65
202 134 65
202 133 65
202 129 65
201 128 65
200 123 65
198 122 65
198 121 65
196 120 65
195 118 65
195 117 65
194 116 65
193 115 65
192 115 65
191 114 65
191 116 65
190 116 65
189 118 65
188 120 65
187 120 65
187 121 65
187 123 65
186 124 65
186 125 65
186 126 66
186 127 66
186 128 66
186 129 66
186 132 66
185 135 66
185 136 66
185 138 66
185 139 66
185 140 66
185 141 66
185 143 66
184 144 66
184 145 66
184 146 66
184 147 66
184 148 66
184 149 66
184 150 66
184 151 66
183 151 66
183 153 66
183 154 66
182 154 66
182 155 66
182 156 66
182 157 66
181 157 66
181 156 66
181 155 66
180 155 66
180 154 66
180 152 66
180 151 66
180 150 66
180 149 66
180 148 66
180 146 66
180 145 66
180 144 66
181 144 66
181 143 66
181 142 66
182 142 66
183 142 66
183 141 66
184 141 66
185 141 66
186 141 66
187 141 66
188 141 66
192 141 66
194 141 66
197 141 66
199 141 66
200 141 66
201 141 66
203 141 66
204 141 66
206 141 67
207 141 67
208 142 67
211 142 67
212 142 67
213 142 67
214 141 67
214 140 67
214 139 67
215 138 67
215 137 67
216 136 67
216 135 67
217 134 67
217 133 67
217 131 67
217 130 67
217 129 67
218 129 67
218 128 67
218 127 67
218 126 67
218 125 67
218 124 67
218 122 67
216 117 67
214 112 67
212 111 67
211 109 67
210 107 67
209 105 67
204 100 67
203 99 67
202 97 67
201 96 67
200 95 67
199 94 67
199 93 67
197 91 67
196 88 67
195 87 67
195 86 67
195 85 67
195 84 67
195 83 67
196 83 67
196 82 67
197 82 67
198 82 67
199 81 67
199 80 67
199 79 67
200 79 67
200 77 67
201 77 67
201 76 67
201 75 67
201 74 67
202 74 67
202 73 67
202 72 67
202 71 67
202 70 67
202 69 68
202 68 68
202 67 68
202 66 68
201 64 68
201 63 68
199 61 68
198 60 68
197 59 68
197 56 68
196 54 68
194 50 68
194 49 68
193 44 68
193 43 68
193 42 68
192 42 68
192 41 68
192 40 68
192 39 68
192 38 68
192 37 68
192 36 68
192 35 68
192 34 68
192 33 68
192 32 68
192 31 68
192 30 68
192 29 68
191 29 68
190 29 68
189 29 68
188 29 68
187 29 68
186 28 68
186 26 68
185 26 68
184 26 68
184 25 68
183 25 68
182 23 68
181 23 68
180 22 68
179 21 68
179 20 68
179 19 68
178 19 69
177 19 69
176 19 69
176 18 69
176 17 69
176 16 69
177 16 69
177 15 69
177 14 69
178 13 69
180 12 69
181 12 69
182 12 70
183 12 70
182 12 70
183 13 70
184 14 70
185 15 70
185 16 70
186 16 70
186 17 70
186 18 70
187 18 70
187 19 70
187 20 70
188 20 70
188 21 70
188 22 70
188 23 70
187 23 70
186 23 70
183 23 70
181 23 70
177 23 70
172 23 70
170 23 70
161 23 70
160 23 70
158 23 71
152 23 71
151 23 71
150 23 71
149 23 71
148 23 71
148 24 71
147 24 71
146 24 71
145 24 71
144 25 71
143 25 71
140 25 71
139 25 71
138 25 71
137 25 71
136 25 71
135 25 71
134 25 71
133 25 71
132 25 71
131 25 71
130 25 71
130 26 71
129 26 71
127 26 71
126 26 71
125 26 71
124 26 71
124 26 72